mapSize: [17, 25]
map: [1, 1, 1, 1, 1, 1, 1, 1, 1, 1, 1, 1, 1, 1, 1, 1, 1, 1, 11, 11, 11, 11, 11, 11, 32, 11, 32, 32, 32, 165, 32, 32, 32, 1, 1, 11, 11, 11, 11, 11, 11, 11, 31, 32, 32, 32, 32, 32, 32, 32, 1, 1, 11, 11, 11, 11, 11, 87, 11, 11, 32, 164, 32, 32, 165, 32, 32, 1, 1, 87, 87, 87, 87, 87, 87, 11, 31, 31, 32, 32, 32, 32, 32, 32, 1, 1, 31, 31, 31, 10, 10, 10, 32, 11, 32, 31, 31, 32, 31, 164, 31, 1, 1, 31, 31, 10, 10, 31, 31, 31, 32, 164, 31, 31, 31, 31, 31, 31, 1, 1, 3, 48, 100, 100, 100, 10, 32, 3, 31, 31, 165, 31, 31, 31, 31, 1, 1, 3, 3, 10, 10, 10, 10, 3, 93, 93, 49, 49, 93, 93, 93, 93, 1, 1, 3, 3, 100, 48, 3, 10, 3, 93, 49, 49, 49, 49, 49, 49, 49, 1, 1, 48, 3, 186, 100, 3, 10, 121, 93, 49, 49, 32, 32, 49, 49, 49, 1, 1, 48, 164, 48, 48, 3, 101, 121, 93, 49, 49, 91, 185, 32, 49, 49, 1, 1, 3, 3, 3, 48, 3, 10, 3, 93, 49, 49, 32, 49, 91, 49, 49, 1, 1, 3, 3, 3, 48, 10, 30, 30, 93, 49, 49, 49, 49, 49, 49, 49, 1, 1, 3, 10, 48, 48, 3, 100, 3, 93, 49, 49, 49, 49, 49, 49, 49, 1, 1, 3, 3, 3, 0, 100, 100, 3, 93, 93, 93, 93, 93, 49, 49, 93, 1, 1, 100, 100, 3, 10, 10, 30, 3, 10, 31, 3, 3, 31, 3, 32, 31, 1, 1, 3, 3, 3, 10, 3, 30, 30, 3, 31, 3, 32, 32, 3, 32, 3, 1, 1, 3, 3, 3, 3, 3, 10, 100, 30, 31, 3, 3, 3, 0, 48, 32, 1, 1, 3, 3, 3, 100, 3, 100, 30, 30, 31, 30, 32, 3, 3, 32, 32, 1, 1, 3, 11, 31, 31, 31, 31, 31, 31, 100, 100, 100, 100, 100, 100, 100, 1, 1, 11, 11, 31, 11, 11, 11, 72, 11, 100, 174, 174, 174, 174, 174, 174, 1, 1, 3, 11, 11, 11, 72, 11, 11, 72, 174, 174, 174, 174, 174, 174, 174, 1, 1, 3, 11, 11, 11, 11, 11, 11, 11, 174, 174, 174, 174, 174, 174, 174, 1, 1, 1, 1, 1, 1, 1, 1, 1, 1, 1, 1, 1, 1, 1, 1, 1, 1]
bombSite:
  A:
    position: [10.1125002, 10.3125]
    size: [5, 3]
  B:
    position: [2.25, 8.32499981]
    size: [3, 5]
spawnSite:
  T:
    position: [11, 21]
    size: [5, 3]
  CT:
    position: [1.01250005, 0.987500012]
    size: [5, 3]
weapons: [-1, -1, -1, -1, -1, -1, -1, -1, -1, -1, -1, -1, -1, -1, -1, -1, -1, -1, -1, -1, -1, -1, -1, -1, -1, -1, -1, -1, -1, -1, -1, -1, -1, -1, -1, -1, -1, -1, -1, -1, -1, -1, -1, -1, -1, -1, -1, -1, -1, -1, -1, -1, -1, -1, -1, -1, -1, -1, -1, -1, -1, -1, -1, -1, -1, -1, -1, -1, -1, -1, -1, -1, -1, -1, -1, -1, -1, -1, -1, -1, -1, -1, -1, -1, -1, -1, -1, -1, -1, -1, -1, -1, -1, -1, -1, -1, -1, -1, -1, -1, -1, -1, -1, -1, -1, -1, -1, -1, -1, -1, -1, -1, -1, -1, -1, -1, -1, -1, -1, -1, -1, -1, -1, -1, -1, -1, -1, -1, -1, -1, -1, -1, -1, -1, -1, -1, -1, -1, -1, -1, -1, -1, -1, -1, -1, -1, -1, -1, -1, -1, -1, -1, -1, -1, -1, -1, -1, -1, -1, -1, -1, -1, -1, -1, -1, -1, -1, -1, -1, -1, -1, -1, -1, -1, -1, -1, -1, -1, -1, -1, -1, -1, -1, -1, -1, -1, -1, -1, -1, -1, -1, -1, -1, -1, -1, -1, -1, -1, -1, -1, -1, -1, -1, -1, -1, -1, -1, -1, -1, -1, -1, -1, -1, -1, -1, -1, -1, -1, -1, -1, -1, -1, -1, -1, -1, -1, -1, -1, -1, -1, -1, -1, -1, -1, -1, -1, -1, -1, -1, -1, -1, -1, -1, 4, -1, -1, -1, -1, -1, -1, -1, -1, -1, -1, -1, -1, -1, -1, -1, -1, -1, -1, -1, -1, -1, -1, -1, -1, -1, -1, -1, -1, -1, -1, -1, -1, -1, -1, -1, -1, -1, -1, -1, -1, -1, -1, -1, -1, -1, -1, -1, -1, -1, -1, -1, -1, -1, -1, -1, -1, -1, -1, -1, -1, -1, -1, -1, -1, -1, -1, -1, -1, -1, -1, -1, -1, -1, -1, -1, -1, -1, -1, -1, -1, -1, -1, -1, -1, -1, -1, -1, -1, -1, -1, -1, -1, -1, -1, -1, -1, -1, -1, -1, -1, -1, -1, -1, -1, -1, -1, -1, -1, -1, -1, -1, -1, -1, -1, -1, -1, -1, -1, -1, -1, -1, -1, -1, -1, -1, -1, -1, -1, -1, -1, -1, -1, -1, -1, -1, -1, -1, -1, -1, -1, -1, -1, -1, -1, -1, -1, -1, -1, -1, -1, -1, -1, -1, -1, -1, -1, -1, -1, -1, -1, -1, -1, -1, -1, -1, -1, -1, -1, -1, -1, -1, -1, -1, -1, -1, -1, -1, -1, -1, -1, -1]